0 0.0170316301703163 0.017482517482517484 0.298007 0.273354
0 0.3223844282238443 0.005244755244755245 0.417572 0.137979
0 0.7481751824817519 -0.0017482517482517483 0.236413 0.381394
0 0.37834549878345497 0.3269230769230769 0.353261 0.425652
0 0.006082725060827251 0.5209790209790209 0.328804 0.468607
1 0.3613138686131387 0.48426573426573427 0.504529 0.419143
1 0.3248175182481752 0.13986013986013987 0.416667 0.042956
1 0.12773722627737227 0.2972027972027972 0.056159 0.210873
2 0.43309002433090027 0.7465034965034965 0.248188 0.067688
2 0.7603406326034063 0.3916083916083916 0.228261 0.052067
2 0.3467153284671533 0.18181818181818182 0.314312 0.105437
