0 0.0039 0.0762 0.1523 0.0957
3 0.0742 0.2129 0.0098 0.0195
1 0.209 0.1191 0.084 0.0117
2 0.1895 0.0625 0.0762 0.0566
3 0.2285 0.1309 0.0273 0.0156
0 0.3418 0.0742 0.1504 0.0996
3 0.4102 0.2129 0.0098 0.0195
1 0.5352 0.1172 0.0957 0.0156
2 0.5234 0.0898 0.0703 0.0273
3 0.5625 0.1309 0.0195 0.0156
0 0.6719 0.0664 0.166 0.1152
3 0.748 0.2129 0.0117 0.0195
1 0.8574 0.1191 0.0742 0.1191
2 0.8711 0.0625 0.0762 0.0566
3 0.8887 0.1309 0.0176 0.0156
0 0.8496 0.3184 0.1445 0.1113
3 0.9238 0.4629 0.0098 0.0195
1 0.7207 0.3691 0.0684 0.0117
2 0.6934 0.3125 0.0762 0.0566
3 0.7305 0.3809 0.0273 0.0156
0 0.5117 0.3086 0.1484 0.1309
3 0.5879 0.4629 0.0098 0.0195
1 0.3926 0.3672 0.0664 0.0156
2 0.3711 0.3262 0.0762 0.0371
3 0.4102 0.3809 0.0176 0.0156
0 0.1875 0.3223 0.1543 0.1016
3 0.2656 0.4629 0.0098 0.0195
4 0.5293 0.1641 0.0742 0.0898
4 0.375 0.4141 0.1094 0.0898
