0 0.00390625 0.06770833333333333 0.15234375 0.1953125
2 0.06640625 0.2838541666666667 0.029296875 0.026041666666666668
1 0.265625 0.1015625 0.0234375 0.125
2 0.17578125 0.046875 0.078125 0.08072916666666667
0 0.326171875 0.1015625 0.154296875 0.12760416666666666
2 0.388671875 0.2838541666666667 0.029296875 0.026041666666666668
1 0.591796875 0.1015625 0.0234375 0.125
2 0.5 0.125 0.10546875 0.057291666666666664
0 0.654296875 0.1171875 0.150390625 0.09635416666666667
2 0.71484375 0.2838541666666667 0.029296875 0.026041666666666668
1 0.939453125 0.1015625 0.02734375 0.125
2 0.82421875 0.06770833333333333 0.0625 0.0390625
1 0.025390625 0.4791666666666667 0.111328125 0.046875
2 0.02734375 0.3697916666666667 0.109375 0.07291666666666667
2 0.01171875 0.5572916666666666 0.078125 0.049479166666666664
0 0.16796875 0.4192708333333333 0.142578125 0.15885416666666666
2 0.224609375 0.6171875 0.02734375 0.026041666666666668
1 0.36328125 0.484375 0.072265625 0.03125
2 0.345703125 0.3697916666666667 0.10546875 0.10416666666666667
2 0.330078125 0.5598958333333334 0.09375 0.07552083333333333
0 0.484375 0.4348958333333333 0.154296875 0.12760416666666666
2 0.546875 0.6171875 0.029296875 0.026041666666666668
1 0.689453125 0.484375 0.0703125 0.03125
2 0.669921875 0.3567708333333333 0.09375 0.08854166666666667
2 0.654296875 0.5520833333333334 0.076171875 0.0625
0 0.8125 0.4296875 0.177734375 0.13802083333333334
2 0.88671875 0.6171875 0.033203125 0.026041666666666668
0 0.005859375 0.8046875 0.150390625 0.0546875
2 0.06640625 0.9505208333333334 0.029296875 0.026041666666666668
1 0.205078125 0.7213541666666666 0.078125 0.22395833333333334
2 0.169921875 0.8020833333333334 0.07421875 0.057291666666666664
0 0.330078125 0.8203125 0.1484375 0.0234375
2 0.388671875 0.9505208333333334 0.029296875 0.026041666666666668
2 0.505859375 0.71875 0.146484375 0.11458333333333333
0 0.65234375 0.7473958333333334 0.150390625 0.16927083333333334
2 0.712890625 0.9505208333333334 0.029296875 0.026041666666666668
2 0.8515625 0.6953125 0.12109375 0.11458333333333333
