0 0.00390625 0.34375 0.14453125 0.3046875
2 0.0625 0.8515625 0.02734375 0.078125
1 0.18359375 0.4375 0.111328125 0.140625
2 0.1796875 0.078125 0.072265625 0.234375
2 0.1640625 0.6953125 0.060546875 0.078125
0 0.32421875 0.375 0.1484375 0.2421875
2 0.384765625 0.8515625 0.029296875 0.078125
1 0.58984375 0.3046875 0.0234375 0.375
2 0.486328125 0.21875 0.099609375 0.265625
0 0.65234375 0.328125 0.150390625 0.3359375
2 0.712890625 0.8515625 0.029296875 0.078125
0 0.81640625 0.21875 0.173828125 0.546875
2 0.888671875 0.8515625 0.033203125 0.078125
0 0.16015625 0.65625 0.06640625 0.25
