0 0.005859375 0.11197916666666667 0.1484375 0.10677083333333333
2 0.064453125 0.2838541666666667 0.029296875 0.026041666666666668
1 0.18359375 0.14583333333333334 0.109375 0.044270833333333336
2 0.189453125 0.033854166666666664 0.07421875 0.018229166666666668
2 0.166015625 0.2265625 0.0625 0.0390625
0 0.3203125 0.125 0.14453125 0.08072916666666667
2 0.37890625 0.2838541666666667 0.02734375 0.026041666666666668
1 0.51953125 0.15104166666666666 0.072265625 0.03125
2 0.505859375 0.020833333333333332 0.07421875 0.0546875
2 0.478515625 0.22135416666666666 0.080078125 0.0625
0 0.642578125 0.1171875 0.150390625 0.09635416666666667
2 0.703125 0.2838541666666667 0.029296875 0.026041666666666668
1 0.853515625 0.15104166666666666 0.08984375 0.03125
2 0.830078125 0.041666666666666664 0.072265625 0.020833333333333332
2 0.80859375 0.21875 0.08203125 0.026041666666666668
1 0.001953125 0.4296875 0.154296875 0.07552083333333333
2 0.00390625 0.5364583333333334 0.083984375 0.09375
0 0.16796875 0.421875 0.154296875 0.15364583333333334
2 0.23046875 0.6171875 0.029296875 0.026041666666666668
1 0.373046875 0.484375 0.0703125 0.03125
2 0.3515625 0.359375 0.07421875 0.08333333333333333
2 0.333984375 0.5625 0.083984375 0.041666666666666664
0 0.494140625 0.4348958333333333 0.15234375 0.125
2 0.5546875 0.6171875 0.029296875 0.026041666666666668
3 0.7421875 0.4973958333333333 0.06640625 0.08854166666666667
2 0.671875 0.3802083333333333 0.08984375 0.0625
0 0.814453125 0.4583333333333333 0.17578125 0.08072916666666667
2 0.888671875 0.6171875 0.033203125 0.026041666666666668
0 0.00390625 0.7942708333333334 0.150390625 0.07552083333333333
2 0.064453125 0.9505208333333334 0.029296875 0.026041666666666668
1 0.20703125 0.8177083333333334 0.072265625 0.03125
2 0.1875 0.6875 0.107421875 0.046875
2 0.16796875 0.8880208333333334 0.068359375 0.020833333333333332
0 0.33203125 0.765625 0.1484375 0.1328125
2 0.390625 0.9505208333333334 0.029296875 0.026041666666666668
1 0.58984375 0.7682291666666666 0.0234375 0.125
2 0.494140625 0.75 0.080078125 0.0625
0 0.65234375 0.7734375 0.15234375 0.1171875
2 0.712890625 0.9505208333333334 0.029296875 0.026041666666666668
0 0.81640625 0.7942708333333334 0.173828125 0.078125
2 0.888671875 0.9505208333333334 0.033203125 0.026041666666666668
0 0.490234375 0.8854166666666666 0.06640625 0.08333333333333333
