0 0.00390625 0.099609375 0.146484375 0.048828125
2 0.0625 0.212890625 0.02734375 0.01953125
1 0.259765625 0.076171875 0.0234375 0.09375
2 0.169921875 0.119140625 0.087890625 0.0390625
0 0.318359375 0.048828125 0.150390625 0.1484375
2 0.37890625 0.212890625 0.029296875 0.01953125
1 0.478515625 0.072265625 0.154296875 0.056640625
2 0.482421875 0.140625 0.09765625 0.046875
0 0.638671875 0.09765625 0.1484375 0.052734375
2 0.697265625 0.212890625 0.029296875 0.01953125
1 0.82421875 0.109375 0.14453125 0.044921875
2 0.814453125 0.021484375 0.09375 0.02734375
2 0.8046875 0.173828125 0.1015625 0.06640625
1 0.001953125 0.27734375 0.126953125 0.193359375
2 0.0234375 0.283203125 0.099609375 0.0546875
0 0.16015625 0.34765625 0.1484375 0.052734375
2 0.220703125 0.462890625 0.029296875 0.01953125
1 0.421875 0.322265625 0.052734375 0.1640625
2 0.3359375 0.39453125 0.052734375 0.013671875
0 0.4765625 0.3203125 0.154296875 0.107421875
2 0.5390625 0.462890625 0.029296875 0.01953125
1 0.740234375 0.326171875 0.0234375 0.09375
2 0.646484375 0.2734375 0.083984375 0.015625
0 0.802734375 0.3203125 0.1875 0.107421875
2 0.8828125 0.462890625 0.03515625 0.01953125
0 0.005859375 0.58984375 0.146484375 0.068359375
2 0.064453125 0.712890625 0.029296875 0.01953125
1 0.16796875 0.521484375 0.052734375 0.1640625
2 0.240234375 0.64453125 0.087890625 0.01953125
0 0.32421875 0.5703125 0.146484375 0.107421875
2 0.3828125 0.712890625 0.02734375 0.01953125
3 0.546875 0.623046875 0.06640625 0.06640625
2 0.501953125 0.517578125 0.1015625 0.01953125
0 0.638671875 0.609375 0.150390625 0.029296875
2 0.69921875 0.712890625 0.029296875 0.01953125
1 0.798828125 0.5 0.16015625 0.064453125
2 0.8203125 0.529296875 0.08984375 0.056640625
1 0.001953125 0.77734375 0.126953125 0.193359375
2 0.02734375 0.7890625 0.083984375 0.05859375
0 0.169921875 0.822265625 0.150390625 0.103515625
2 0.23046875 0.962890625 0.029296875 0.01953125
0 0.333984375 0.83203125 0.15234375 0.083984375
2 0.39453125 0.962890625 0.029296875 0.01953125
0 0.5 0.82421875 0.1484375 0.099609375
2 0.55859375 0.962890625 0.029296875 0.01953125
2 0.666015625 0.75390625 0.125 0.09375
2 0.837890625 0.771484375 0.138671875 0.0859375
0 0.16015625 0.1640625 0.064453125 0.0625
